1.9652e-05	0.00023941	0.001073	0.001769	0.001073	0.00023941	1.9652e-05
0.00023941	0.0029166	0.013071	0.021551	0.013071	0.0029166	0.00023941
0.001073	0.013071	0.058582	0.096585	0.058582	0.013071	0.001073
0.001769	0.021551	0.096585	0.15924	0.096585	0.021551	0.001769
0.001073	0.013071	0.058582	0.096585	0.058582	0.013071	0.001073
0.00023941	0.0029166	0.013071	0.021551	0.013071	0.0029166	0.00023941
1.9652e-05	0.00023941	0.001073	0.001769	0.001073	0.00023941	1.9652e-05
